              precision    recall  f1-score   support

    airplane     0.8853    0.8720    0.8786      1000
  automobile     0.9417    0.9210    0.9312      1000
        bird     0.8242    0.7830    0.8031      1000
         cat     0.7518    0.7270    0.7392      1000
        deer     0.8395    0.8630    0.8511      1000
         dog     0.8136    0.8030    0.8083      1000
        frog     0.8586    0.9290    0.8924      1000
       horse     0.9301    0.8920    0.9107      1000
        ship     0.9103    0.9340    0.9220      1000
       truck     0.8969    0.9310    0.9136      1000

    accuracy                         0.8655     10000
   macro avg     0.8652    0.8655    0.8650     10000
weighted avg     0.8652    0.8655    0.8650     10000
