              precision    recall  f1-score   support

    airplane     0.8989    0.8540    0.8759      1000
  automobile     0.8955    0.9600    0.9266      1000
        bird     0.8985    0.8410    0.8688      1000
         cat     0.7612    0.7620    0.7616      1000
        deer     0.8786    0.8180    0.8472      1000
         dog     0.7861    0.8120    0.7988      1000
        frog     0.8842    0.9090    0.8964      1000
       horse     0.9004    0.8950    0.8977      1000
        ship     0.8751    0.9390    0.9059      1000
       truck     0.9145    0.8980    0.9062      1000

    accuracy                         0.8688     10000
   macro avg     0.8693    0.8688    0.8685     10000
weighted avg     0.8693    0.8688    0.8685     10000
